Axe_000;0,15;28,36;137,68
Axe_001;28,15;27,36;137,68
Axe_002;55,15;27,36;137,68
Axe_003;82,15;27,36;137,68
Axe_004;109,15;31,36;133,68
Axe_005;140,3;64,48;122,56
Axe_006;204,5;60,46;122,58
Axe_007;264,0;59,51;122,53
Axe_008;323,0;61,51;122,53
Axe_009;384,0;59,51;122,53
Axe_010;443,0;58,51;123,53
Axe_011;501,0;56,51;125,53
Axe_012;557,0;54,51;127,53
Axe_013;611,0;53,51;128,53
Axe_014;664,0;52,51;129,53
Axe_015;716,0;53,51;128,53
Axe_016;769,0;95,51;82,53
Axe_017;864,17;86,34;82,70
Axe_017_under;950,37;8,14;79,70
Axe_018;958,17;52,34;86,70
Axe_018_under;1010,37;8,14;79,70
Axe_019;1018,16;49,35;86,69
Axe_019_under;1067,37;8,14;79,70
Axe_020;1075,15;47,36;86,68
Axe_020_under;1122,37;8,14;79,70
Axe_021;1130,15;46,36;86,68
Axe_021_under;1176,37;8,14;79,70
Axe_022;0,120;44,35;86,69
Axe_022_under;44,141;8,14;79,70
Axe_023;52,122;44,33;86,71
Axe_023_under;96,141;8,14;79,70
Axe_024;104,122;36,33;86,71
Axe_024_under;140,141;8,14;79,70
Axe_025;148,122;37,33;86,71
Axe_025_under;185,141;8,14;79,70
Axe_026;193,83;42,72;83,36
Axe_027;235,70;31,85;96,19
Axe_028;266,65;31,90;98,14
Axe_029;297,61;31,94;101,10
Axe_030;328,55;31,100;105,4
Axe_031;359,51;31,104;109,0
Axe_032;390,51;31,104;111,0
Axe_033;421,51;31,104;113,0
Axe_034;452,51;31,104;115,0
Axe_035;483,51;31,104;117,0
Axe_036;514,51;31,104;119,0
Axe_037;545,51;29,104;120,0
Axe_038;574,51;43,104;124,0
Axe_039;617,63;31,92;125,12
Axe_040;648,64;29,91;126,13
Axe_041;677,65;29,90;127,14
Axe_042;706,66;29,89;128,15
Axe_043;735,68;29,87;129,17
Axe_044;764,70;30,85;128,19
Axe_045;794,68;22,87;128,17
Axe_046;816,72;21,83;128,21
Axe_047;837,73;24,82;126,22
Axe_048;861,74;24,81;126,23
Axe_049;885,70;23,85;128,19
Axe_050;908,71;23,84;128,20
Axe_051;931,78;21,77;130,27
Axe_052;952,79;21,76;130,28
Axe_053;973,81;32,74;127,30
Axe_054;1005,82;32,73;128,31
Axe_055;1037,79;39,76;125,28
Axe_056;1076,84;39,71;123,33
Axe_057;1115,85;35,70;128,34
Axe_058;1150,90;40,65;135,39
Axe_059;0,198;34,62;139,42
Axe_060;34,203;34,57;140,47
Axe_061;68,214;25,46;139,58
Axe_062;93,233;29,27;135,77
Axe_063;122,233;31,27;133,77
Axe_064;153,230;32,30;132,77
Axe_065;185,224;27,36;137,68
Axe_066;212,224;27,36;137,68
Axe_067;239,225;32,35;137,69
Axe_068;271,225;34,35;137,69
Axe_069;305,225;35,35;137,69
Axe_070;340,225;39,35;137,69
Axe_071;379,225;38,35;137,69
Axe_072;417,225;40,35;137,69
Axe_073;457,224;43,36;137,68
Axe_074;500,225;41,35;137,69
Axe_075;541,225;37,35;137,69
Axe_076;578,225;33,35;137,69
Axe_077;611,225;27,35;137,69
Axe_078;638,225;27,35;137,69
Axe_079;665,214;35,46;129,58
Axe_080;700,212;37,48;127,56
Axe_081;737,208;38,52;126,52
Axe_082;775,205;42,55;122,49
Axe_083;817,197;32,63;132,41
Axe_084;849,220;27,40;137,64
Axe_085;876,222;28,38;136,66
Axe_086;904,220;44,40;128,66
Axe_087;948,221;49,39;124,66
Axe_088;997,174;68,86;118,20
Axe_089;1065,168;47,92;127,13
Axe_090;1112,155;47,105;127,0
Axe_091;0,260;42,105;128,0
Axe_092;42,260;43,105;127,0
Axe_094;85,261;40,104;80,0
Axe_095;125,324;30,41;86,63
Axe_095_under;155,348;8,17;78,72
Axe_096;163,328;28,37;86,67
Axe_096_under;191,344;8,21;78,68
Axe_097;199,321;28,44;86,60
Axe_097_under;227,348;8,17;78,72
Axe_098;235,301;28,64;86,40
Axe_098_under;263,348;8,17;78,72
Axe_099;271,305;28,60;86,44
Axe_099_under;299,348;8,17;78,72
Axe_100;307,309;28,56;86,48
Axe_100_under;335,348;8,17;78,72
Axe_101;343,331;38,34;90,70
Axe_101_under;381,346;8,19;82,73
Axe_102;389,330;38,35;90,69
Axe_102_under;427,346;8,19;82,73
Axe_103;435,330;39,35;90,69
Axe_103_under;474,346;8,19;82,73
Axe_104;482,331;40,34;90,70
Axe_104_under;522,346;8,19;82,73
Axe_105;530,332;50,33;90,71
Axe_105_under;580,346;8,19;82,73
Axe_106;588,333;50,32;90,72
Axe_106_under;638,346;8,19;82,73
Axe_107;646,331;50,34;90,70
Axe_107_under;696,346;8,19;82,73
Axe_108;704,324;47,41;90,63
Axe_108_under;751,346;8,19;82,73
Axe_109;759,321;42,44;90,60
Axe_109_under;801,346;8,19;82,73
Axe_110;809,319;43,46;90,58
Axe_110_under;852,346;8,19;82,73
Axe_111;860,322;43,43;90,61
Axe_111_under;903,346;8,19;82,73
Axe_112;911,329;38,36;90,68
Axe_112_under;949,346;8,19;82,73
Axe_113;957,330;38,35;90,69
Axe_113_under;995,346;8,19;82,73
Axe_114;1003,333;37,32;90,72
Axe_114_under;1040,346;8,19;82,73
Axe_115;1048,331;46,34;90,70
Axe_115_under;1094,346;8,19;82,73
Axe_116;1102,330;49,35;90,69
Axe_116_under;1151,346;8,19;82,73
Axe_117;0,371;50,36;90,68
Axe_117_under;50,388;8,19;82,73
Axe_118;58,365;44,42;90,62
Axe_118_under;102,388;8,19;82,73
Axe_119;110,365;42,42;90,62
Axe_119_under;152,388;8,19;82,73
Axe_120;160,371;40,36;90,68
Axe_120_under;200,388;8,19;82,73
Axe_121;208,371;40,36;90,68
Axe_121_under;248,388;8,19;82,73
Axe_122;256,372;41,35;90,69
Axe_122_under;297,388;8,19;82,73
Axe_123;305,372;41,35;90,69
Axe_123_under;346,388;8,19;82,73
Axe_124;354,372;45,35;90,69
Axe_124_under;399,388;8,19;82,73
Axe_125;407,372;48,35;90,69
Axe_125_under;455,388;8,19;82,73
Axe_126;463,372;45,35;90,69
Axe_126_under;508,388;8,19;82,73
Axe_127;516,371;43,36;90,68
Axe_127_under;559,388;8,19;82,73
Axe_128;567,371;42,36;90,68
Axe_128_under;609,388;8,19;82,73
Axe_129;617,372;40,35;90,69
Axe_129_under;657,388;8,19;82,73
Axe_130;665,374;40,33;90,71
Axe_130_under;705,388;8,19;82,73
Axe_131;713,376;32,31;90,73
Axe_131_under;745,388;8,19;82,73
Axe_132;753,376;32,31;90,73
Axe_132_under;785,388;8,19;82,73
Axe_133;793,367;42,40;139,70
Axe_134;835,369;33,38;148,72
Axe_135;868,373;89,34;79,70
Axe_136;957,373;59,34;79,70
