Sword_000;0,16;27,36;137,68
Sword_001;27,16;27,36;137,68
Sword_002;54,16;27,36;137,68
Sword_003;81,15;27,37;137,67
Sword_004;108,16;31,36;133,68
Sword_005;139,4;61,48;122,56
Sword_006;200,5;61,47;122,57
Sword_007;261,0;61,52;122,52
Sword_008;322,0;61,52;122,52
Sword_009;383,0;61,52;122,52
Sword_010;444,0;60,52;123,52
Sword_011;504,0;58,52;125,52
Sword_012;562,0;56,52;127,52
Sword_013;618,0;55,52;128,52
Sword_014;673,0;54,52;129,52
Sword_015;727,0;55,52;128,52
Sword_016;782,1;95,51;82,53
Sword_017;877,18;86,34;82,70
Sword_017_under;963,42;21,10;72,76
Sword_018;984,18;48,34;90,70
Sword_018_under;1032,42;21,10;72,76
Sword_019;1053,17;45,35;90,69
Sword_019_under;1098,42;21,10;72,76
Sword_020;1119,16;43,36;90,68
Sword_020_under;1162,42;21,10;72,76
Sword_021;0,120;42,36;90,68
Sword_021_under;42,146;21,10;72,76
Sword_022;63,121;40,35;90,69
Sword_022_under;103,146;21,10;72,76
Sword_023;124,123;40,33;90,71
Sword_023_under;164,146;21,10;72,76
Sword_024;185,125;32,31;90,73
Sword_024_under;217,146;21,10;72,76
Sword_025;238,126;33,30;90,74
Sword_025_under;271,146;21,10;72,76
Sword_026;292,90;42,66;83,42
Sword_027;334,85;39,71;88,33
Sword_028;373,72;37,84;93,20
Sword_029;410,67;37,89;95,15
Sword_030;447,62;37,94;100,10
Sword_031;484,56;37,100;104,4
Sword_032;521,52;37,104;107,0
Sword_033;558,52;36,104;110,0
Sword_034;594,52;35,104;113,0
Sword_035;629,52;31,104;119,0
Sword_036;660,52;31,104;121,0
Sword_037;691,52;31,104;122,0
Sword_038;722,52;43,104;124,0
Sword_039;765,64;31,92;125,12
Sword_040;796,65;29,91;126,13
Sword_041;825,66;29,90;127,14
Sword_042;854,67;29,89;128,15
Sword_043;883,69;29,87;129,17
Sword_044;912,71;30,85;128,19
Sword_045;942,69;22,87;128,17
Sword_046;964,73;21,83;128,21
Sword_047;985,74;24,82;126,22
Sword_048;1009,75;24,81;126,23
Sword_049;1033,71;23,85;128,19
Sword_050;1056,72;23,84;128,20
Sword_051;1079,79;21,77;130,27
Sword_052;1100,80;21,76;130,28
Sword_053;1121,82;32,74;127,30
Sword_054;1153,83;32,73;128,31
Sword_055;0,156;35,76;129,28
Sword_056;35,161;38,71;124,33
Sword_057;73,162;35,70;128,34
Sword_058;108,167;40,65;135,39
Sword_059;148,170;34,62;139,42
Sword_060;182,175;34,57;140,47
Sword_061;216,186;30,46;139,58
Sword_062;246,186;30,46;139,58
Sword_063;276,186;25,46;139,58
Sword_064;301,205;26,27;138,77
Sword_065;327,205;28,27;136,77
Sword_066;355,202;30,30;134,77
Sword_067;385,196;27,36;137,68
Sword_068;412,196;27,36;137,68
Sword_069;439,196;27,36;137,68
Sword_070;466,197;31,35;137,69
Sword_071;497,197;34,35;137,69
Sword_072;531,197;38,35;137,69
Sword_073;569,197;36,35;137,69
Sword_074;605,197;38,35;137,69
Sword_075;643,197;40,35;137,69
Sword_076;683,196;43,36;137,68
Sword_077;726,197;37,35;137,69
Sword_078;763,197;37,35;137,69
Sword_079;800,197;33,35;137,69
Sword_080;833,197;27,35;137,69
Sword_081;860,197;27,35;137,69
Sword_082;887,183;38,49;126,55
Sword_083;925,186;43,46;121,58
Sword_084;968,180;38,52;126,52
Sword_085;1006,177;42,55;122,49
Sword_086;1048,169;35,63;129,41
Sword_087;1083,192;27,40;137,64
Sword_088;1110,194;28,38;136,66
Sword_089;1138,192;44,40;128,66
Sword_090;0,298;49,39;124,66
Sword_091;49,251;68,86;118,20
Sword_092;117,245;47,92;127,13
Sword_093;164,232;47,105;127,0
Sword_094;211,232;42,105;128,0
Sword_095;253,232;43,105;127,0
Sword_097;296,233;40,104;80,0
Sword_098;336,291;33,46;88,58
Sword_098_under;369,327;21,10;68,74
Sword_099;390,296;34,41;88,63
Sword_099_under;424,327;21,10;68,74
Sword_100;445,296;28,41;88,63
Sword_100_under;473,327;21,10;68,74
Sword_101;494,300;26,37;88,67
Sword_101_under;520,327;21,10;68,74
Sword_102;541,293;26,44;88,60
Sword_102_under;567,327;21,10;68,74
Sword_103;588,273;26,64;88,40
Sword_103_under;614,327;21,10;68,74
Sword_104;635,277;26,60;88,44
Sword_104_under;661,327;21,10;68,74
Sword_105;682,281;27,56;87,48
Sword_105_under;709,327;21,10;68,74
Sword_106;730,303;38,34;90,70
Sword_106_under;768,327;21,10;72,76
Sword_107;789,302;38,35;90,69
Sword_107_under;827,327;21,10;72,76
Sword_108;848,302;39,35;90,69
Sword_108_under;887,327;21,10;72,76
Sword_109;908,303;40,34;90,70
Sword_109_under;948,327;21,10;72,76
Sword_110;969,304;50,33;90,71
Sword_110_under;1019,327;21,10;72,76
Sword_111;1040,305;50,32;90,72
Sword_111_under;1090,327;21,10;72,76
Sword_112;1111,303;50,34;90,70
Sword_112_under;1161,327;21,10;72,76
Sword_113;0,342;47,41;90,63
Sword_113_under;47,373;21,10;72,76
Sword_114;68,339;42,44;90,60
Sword_114_under;110,373;21,10;72,76
Sword_115;131,337;43,46;90,58
Sword_115_under;174,373;21,10;72,76
Sword_116;195,340;43,43;90,61
Sword_116_under;238,373;21,10;72,76
Sword_117;259,347;38,36;90,68
Sword_117_under;297,373;21,10;72,76
Sword_118;318,348;38,35;90,69
Sword_118_under;356,373;21,10;72,76
Sword_119;377,351;37,32;90,72
Sword_119_under;414,373;21,10;72,76
Sword_120;435,349;46,34;90,70
Sword_120_under;481,373;21,10;72,76
Sword_121;502,348;49,35;90,69
Sword_121_under;551,373;21,10;72,76
Sword_122;572,347;50,36;90,68
Sword_122_under;622,373;21,10;72,76
Sword_123;643,341;44,42;90,62
Sword_123_under;687,373;21,10;72,76
Sword_124;708,341;42,42;90,62
Sword_124_under;750,373;21,10;72,76
Sword_125;771,348;39,35;90,69
Sword_125_under;810,373;21,10;72,76
Sword_126;831,347;40,36;90,68
Sword_126_under;871,373;21,10;72,76
Sword_127;892,348;41,35;90,69
Sword_127_under;933,373;21,10;72,76
Sword_128;954,348;41,35;90,69
Sword_128_under;995,373;21,10;72,76
Sword_129;1016,348;45,35;90,69
Sword_129_under;1061,373;21,10;72,76
Sword_133;1082,343;42,40;139,70
Sword_134;1124,345;33,38;148,72
Sword_135;0,383;96,34;72,70
Sword_136;96,383;66,34;72,70
